{
 "cells": [
  {
   "cell_type": "code",
   "execution_count": 65,
   "id": "6d9a35c5",
   "metadata": {},
   "outputs": [
    {
     "name": "stdout",
     "output_type": "stream",
     "text": [
      "[[-1  3  4  2  7]\n",
      " [ 3 -1  4  6  3]\n",
      " [ 4  4 -1  5  8]\n",
      " [ 2  6  5 -1  6]\n",
      " [ 7  3  8  6 -1]]\n",
      "[-1  3  4  2  7]\n",
      "[-1  2  3  4  7]\n",
      "[3]\n"
     ]
    }
   ],
   "source": [
    "import numpy as np\n",
    "\n",
    "def tsp(M, k):\n",
    "\n",
    "    # determine the total number of cities\n",
    "    n = len(M)\n",
    "\n",
    "    # stack of all cities visited\n",
    "    cities_visited = list()\n",
    "\n",
    "    # add the city 1, which is counted as 0\n",
    "    cities_visited.append(0)\n",
    "\n",
    "    # ignore k for now\n",
    "    # we don't have a path yet\n",
    "    path = False\n",
    "    i = 0\n",
    "    # continue until a path is found\n",
    "    while path == False:\n",
    "        # find the cheapest road from this city to a city that hasn't been traveled to\n",
    "        sorted = np.sort(M[i])\n",
    "        print(sorted)\n",
    "        j = 0\n",
    "        while j < n:\n",
    "            print('-----')\n",
    "            print(\"j:\",j)\n",
    "            # find index of the next cheapest\n",
    "            cheapest_road = sorted[j]\n",
    "            print(sorted)\n",
    "            print(\"cheapest\",cheapest_road)\n",
    "            index = np.where(M[i] == cheapest_road)[0]\n",
    "            print(\"index\",index)\n",
    "\n",
    "            # iterate through index (handles case that there are two of the same distance)\n",
    "            for k in index:\n",
    "                # check if visited/-1\n",
    "                # if visited, continue\n",
    "                if M[i][k].any() == -1 or k in cities_visited:\n",
    "                    print(\"cheapest didn't count\")\n",
    "                    continue\n",
    "                # if not visited, add to stack\n",
    "                else:\n",
    "                    print(\"found a cheapest\")\n",
    "                    cities_visited.append(k)\n",
    "                    print(cities_visited)\n",
    "                    i = k\n",
    "                    j = 0\n",
    "                    if len(cities_visited) == n:\n",
    "                        path = True\n",
    "                        break\n",
    "            j = j + 1\n",
    "\n",
    "    print(\"Final path is\")\n",
    "    print(cities_visited)\n",
    "    \n",
    "def find_nth_cheapest_road_index(arr, n=0):\n",
    "    sorted = np.sort(arr)\n",
    "    print(sorted)\n",
    "    for i in range (n, len(arr)):\n",
    "        if sorted[i] == -1:\n",
    "            continue\n",
    "        else:\n",
    "            return np.where(arr == sorted[i])[0]\n",
    "\n",
    "M = np.array([\n",
    "    [-1, 3, 4, 2, 7],\n",
    "    [ 3,-1, 4, 6, 3],\n",
    "    [ 4, 4,-1, 5, 8],\n",
    "    [ 2, 6, 5,-1, 6],\n",
    "    [ 7, 3, 8, 6,-1]\n",
    "])\n",
    "\n",
    "print(M)\n",
    "print(M[0])\n",
    "print(find_nth_cheapest_road_index(M[0]))\n",
    "#tsp(M,1)\n"
   ]
  },
  {
   "cell_type": "code",
   "execution_count": 19,
   "id": "2a606b65",
   "metadata": {},
   "outputs": [
    {
     "name": "stdout",
     "output_type": "stream",
     "text": [
      "[[ -1  83  93 129 133 139 151 169 135 114 110  98  99  95  81 152 159 181\n",
      "  172 185 147 157 185 220 127 181]\n",
      " [ 83  -1  40  53  62  64  91 116  93  84  95  98  89  68  67 127 156 175\n",
      "  152 165 160 180 223 268 179 197]\n",
      " [ 93  40  -1  42  42  49  59  81  54  44  58  64  54  31  36  86 117 135\n",
      "  112 125 124 147 193 241 157 161]\n",
      " [129  53  42  -1  11  11  46  72  65  70  88 100  89  66  76 102 142 156\n",
      "  127 139 155 180 228 278 197 190]\n",
      " [133  62  42  11  -1   9  35  61  55  62  82  95  84  62  74  93 133 146\n",
      "  117 128 148 173 222 272 194 182]\n",
      " [139  64  49  11   9  -1  39  65  63  71  90 103  92  71  82 100 141 153\n",
      "  124 135 156 181 230 280 202 190]\n",
      " [151  91  59  46  35  39  -1  26  34  52  71  88  77  63  78  66 110 119\n",
      "   88  98 130 156 206 257 188 160]\n",
      " [169 116  81  72  61  65  26  -1  37  59  75  92  83  76  91  54  98 103\n",
      "   70  78 122 148 198 250 188 148]\n",
      " [135  93  54  65  55  63  34  37  -1  22  39  56  47  40  55  37  78  91\n",
      "   62  74  96 122 172 223 155 128]\n",
      " [114  84  44  70  62  71  52  59  22  -1  20  36  26  20  34  43  74  91\n",
      "   68  82  86 111 160 210 136 121]\n",
      " [110  95  58  88  82  90  71  75  39  20  -1  18  11  27  32  42  61  80\n",
      "   64  77  68  92 140 190 116 103]\n",
      " [ 98  98  64 100  95 103  88  92  56  36  18  -1  11  34  31  56  63  85\n",
      "   75  87  62  83 129 178 100  99]\n",
      " [ 99  89  54  89  84  92  77  83  47  26  11  11  -1  23  24  53  68  89\n",
      "   74  87  71  93 140 189 111 107]\n",
      " [ 95  68  31  66  62  71  63  76  40  20  27  34  23  -1  15  62  87 106\n",
      "   87 100  93 116 163 212 132 130]\n",
      " [ 81  67  36  76  74  82  78  91  55  34  32  31  24  15  -1  73  92 112\n",
      "   96 109  93 113 158 205 122 130]\n",
      " [152 127  86 102  93 100  66  54  37  43  42  56  53  62  73  -1  44  54\n",
      "   26  39  68  94 144 196 139  95]\n",
      " [159 156 117 142 133 141 110  98  78  74  61  63  68  87  92  44  -1  22\n",
      "   34  38  30  53 102 154 109  51]\n",
      " [181 175 135 156 146 153 119 103  91  91  80  85  89 106 112  54  22  -1\n",
      "   33  29  46  64 107 157 125  51]\n",
      " [172 152 112 127 117 124  88  70  62  68  64  75  74  87  96  26  34  33\n",
      "   -1  13  63  87 135 186 141  81]\n",
      " [185 165 125 139 128 135  98  78  74  82  77  87  87 100 109  39  38  29\n",
      "   13  -1  68  90 136 186 148  79]\n",
      " [147 160 124 155 148 156 130 122  96  86  68  62  71  93  93  68  30  46\n",
      "   63  68  -1  26  77 128  80  37]\n",
      " [157 180 147 180 173 181 156 148 122 111  92  83  93 116 113  94  53  64\n",
      "   87  90  26  -1  50 102  65  27]\n",
      " [185 223 193 228 222 230 206 198 172 160 140 129 140 163 158 144 102 107\n",
      "  135 136  77  50  -1  51  64  58]\n",
      " [220 268 241 278 272 280 257 250 223 210 190 178 189 212 205 196 154 157\n",
      "  186 186 128 102  51  -1  93 107]\n",
      " [127 179 157 197 194 202 188 188 155 136 116 100 111 132 122 139 109 125\n",
      "  141 148  80  65  64  93  -1  90]\n",
      " [181 197 161 190 182 190 160 148 128 121 103  99 107 130 130  95  51  51\n",
      "   81  79  37  27  58 107  90  -1]]\n",
      "current city 0\n",
      "-----\n",
      "j: 0\n",
      "[ -1  81  83  93  95  98  99 110 114 127 129 133 135 139 147 151 152 157\n",
      " 159 169 172 181 181 185 185 220]\n",
      "i 0\n",
      "i 1\n",
      "index [14]\n",
      "in visit_city\n",
      "-1\n",
      "found a cheapest\n",
      "[0, 14]\n",
      "-----\n",
      "j: 0\n",
      "[ -1  15  24  31  32  34  36  55  67  73  74  76  78  81  82  91  92  93\n",
      "  96 109 112 113 122 130 158 205]\n",
      "i 0\n",
      "i 1\n",
      "index [13]\n",
      "in visit_city\n",
      "-1\n",
      "found a cheapest\n",
      "[0, 14, 13]\n",
      "-----\n",
      "j: 0\n",
      "[ -1  15  20  23  27  31  34  40  62  62  63  66  68  71  76  87  87  93\n",
      "  95 100 106 116 130 132 163 212]\n",
      "i 0\n",
      "i 1\n",
      "index [14]\n",
      "in visit_city\n",
      "-1\n",
      "cheapest was already visited\n",
      "here\n",
      "-----\n",
      "j: 2\n",
      "[ -1  15  20  23  27  31  34  40  62  62  63  66  68  71  76  87  87  93\n",
      "  95 100 106 116 130 132 163 212]\n",
      "i 2\n",
      "index [9]\n",
      "in visit_city\n",
      "-1\n",
      "found a cheapest\n",
      "[0, 14, 13, 9]\n",
      "-----\n",
      "j: 0\n",
      "[ -1  20  20  22  26  34  36  43  44  52  59  62  68  70  71  74  82  84\n",
      "  86  91 111 114 121 136 160 210]\n",
      "i 0\n",
      "i 1\n",
      "index [10 13]\n",
      "in visit_city\n",
      "-1\n",
      "found a cheapest\n",
      "[0, 14, 13, 9, 10]\n",
      "-----\n",
      "j: 0\n",
      "[ -1  11  18  20  27  32  39  42  58  61  64  68  71  75  77  80  82  88\n",
      "  90  92  95 103 110 116 140 190]\n",
      "i 0\n",
      "i 1\n",
      "index [12]\n",
      "in visit_city\n",
      "-1\n",
      "found a cheapest\n",
      "[0, 14, 13, 9, 10, 12]\n",
      "-----\n",
      "j: 0\n",
      "[ -1  11  11  23  24  26  47  53  54  68  71  74  77  83  84  87  89  89\n",
      "  89  92  93  99 107 111 140 189]\n",
      "i 0\n",
      "i 1\n",
      "index [10 11]\n",
      "in visit_city\n",
      "-1\n",
      "cheapest was already visited\n",
      "found a cheapest\n",
      "[0, 14, 13, 9, 10, 12, 11]\n",
      "-----\n",
      "j: 0\n",
      "[ -1  11  18  31  34  36  56  56  62  63  64  75  83  85  87  88  92  95\n",
      "  98  98  99 100 100 103 129 178]\n",
      "i 0\n",
      "i 1\n",
      "index [12]\n",
      "in visit_city\n",
      "-1\n",
      "cheapest was already visited\n",
      "here\n",
      "-----\n",
      "j: 2\n",
      "[ -1  11  18  31  34  36  56  56  62  63  64  75  83  85  87  88  92  95\n",
      "  98  98  99 100 100 103 129 178]\n",
      "i 2\n",
      "index [10]\n",
      "in visit_city\n",
      "-1\n",
      "cheapest was already visited\n",
      "here\n",
      "-----\n",
      "j: 3\n",
      "[ -1  11  18  31  34  36  56  56  62  63  64  75  83  85  87  88  92  95\n",
      "  98  98  99 100 100 103 129 178]\n",
      "i 3\n",
      "index [14]\n",
      "in visit_city\n",
      "-1\n",
      "cheapest was already visited\n",
      "here\n",
      "-----\n",
      "j: 4\n",
      "[ -1  11  18  31  34  36  56  56  62  63  64  75  83  85  87  88  92  95\n",
      "  98  98  99 100 100 103 129 178]\n",
      "i 4\n",
      "index [13]\n",
      "in visit_city\n",
      "-1\n",
      "cheapest was already visited\n",
      "here\n",
      "-----\n",
      "j: 5\n",
      "[ -1  11  18  31  34  36  56  56  62  63  64  75  83  85  87  88  92  95\n",
      "  98  98  99 100 100 103 129 178]\n",
      "i 5\n",
      "index [9]\n",
      "in visit_city\n",
      "-1\n",
      "cheapest was already visited\n",
      "here\n",
      "-----\n",
      "j: 6\n",
      "[ -1  11  18  31  34  36  56  56  62  63  64  75  83  85  87  88  92  95\n",
      "  98  98  99 100 100 103 129 178]\n",
      "i 6\n",
      "index [ 8 15]\n",
      "in visit_city\n",
      "-1\n",
      "found a cheapest\n",
      "[0, 14, 13, 9, 10, 12, 11, 8]\n",
      "-----\n",
      "j: 0\n",
      "[ -1  22  34  37  37  39  40  47  54  55  55  56  62  63  65  74  78  91\n",
      "  93  96 122 128 135 155 172 223]\n",
      "i 0\n",
      "i 1\n",
      "index [9]\n",
      "in visit_city\n",
      "-1\n",
      "cheapest was already visited\n",
      "here\n",
      "-----\n",
      "j: 2\n",
      "[ -1  22  34  37  37  39  40  47  54  55  55  56  62  63  65  74  78  91\n",
      "  93  96 122 128 135 155 172 223]\n",
      "i 2\n",
      "index [6]\n",
      "in visit_city\n",
      "-1\n",
      "found a cheapest\n",
      "[0, 14, 13, 9, 10, 12, 11, 8, 6]\n",
      "-----\n",
      "j: 0\n",
      "[ -1  26  34  35  39  46  52  59  63  66  71  77  78  88  88  91  98 110\n",
      " 119 130 151 156 160 188 206 257]\n",
      "i 0\n",
      "i 1\n",
      "index [7]\n",
      "in visit_city\n",
      "-1\n",
      "found a cheapest\n",
      "[0, 14, 13, 9, 10, 12, 11, 8, 6, 7]\n",
      "-----\n",
      "j: 0\n",
      "[ -1  26  37  54  59  61  65  70  72  75  76  78  81  83  91  92  98 103\n",
      " 116 122 148 148 169 188 198 250]\n",
      "i 0\n",
      "i 1\n",
      "index [6]\n",
      "in visit_city\n",
      "-1\n",
      "cheapest was already visited\n",
      "here\n",
      "-----\n",
      "j: 2\n",
      "[ -1  26  37  54  59  61  65  70  72  75  76  78  81  83  91  92  98 103\n",
      " 116 122 148 148 169 188 198 250]\n",
      "i 2\n",
      "index [8]\n",
      "in visit_city\n",
      "-1\n",
      "cheapest was already visited\n",
      "here\n",
      "-----\n",
      "j: 3\n",
      "[ -1  26  37  54  59  61  65  70  72  75  76  78  81  83  91  92  98 103\n",
      " 116 122 148 148 169 188 198 250]\n",
      "i 3\n",
      "index [15]\n",
      "in visit_city\n",
      "-1\n",
      "found a cheapest\n",
      "[0, 14, 13, 9, 10, 12, 11, 8, 6, 7, 15]\n",
      "-----\n",
      "j: 0\n",
      "[ -1  26  37  39  42  43  44  53  54  54  56  62  66  68  73  86  93  94\n",
      "  95 100 102 127 139 144 152 196]\n",
      "i 0\n",
      "i 1\n",
      "index [18]\n",
      "in visit_city\n",
      "-1\n",
      "found a cheapest\n",
      "[0, 14, 13, 9, 10, 12, 11, 8, 6, 7, 15, 18]\n",
      "-----\n",
      "j: 0\n",
      "[ -1  13  26  33  34  62  63  64  68  70  74  75  81  87  87  88  96 112\n",
      " 117 124 127 135 141 152 172 186]\n",
      "i 0\n",
      "i 1\n",
      "index [19]\n",
      "in visit_city\n",
      "-1\n",
      "found a cheapest\n",
      "[0, 14, 13, 9, 10, 12, 11, 8, 6, 7, 15, 18, 19]\n",
      "-----\n",
      "j: 0\n",
      "[ -1  13  29  38  39  68  74  77  78  79  82  87  87  90  98 100 109 125\n",
      " 128 135 136 139 148 165 185 186]\n",
      "i 0\n",
      "i 1\n",
      "index [18]\n",
      "in visit_city\n",
      "-1\n",
      "cheapest was already visited\n",
      "here\n",
      "-----\n",
      "j: 2\n",
      "[ -1  13  29  38  39  68  74  77  78  79  82  87  87  90  98 100 109 125\n",
      " 128 135 136 139 148 165 185 186]\n",
      "i 2\n",
      "index [17]\n",
      "in visit_city\n",
      "-1\n",
      "found a cheapest\n",
      "[0, 14, 13, 9, 10, 12, 11, 8, 6, 7, 15, 18, 19, 17]\n",
      "-----\n",
      "j: 0\n",
      "[ -1  22  29  33  46  51  54  64  80  85  89  91  91 103 106 107 112 119\n",
      " 125 135 146 153 156 157 175 181]\n",
      "i 0\n",
      "i 1\n",
      "index [16]\n",
      "in visit_city\n",
      "-1\n",
      "found a cheapest\n",
      "[0, 14, 13, 9, 10, 12, 11, 8, 6, 7, 15, 18, 19, 17, 16]\n",
      "-----\n",
      "j: 0\n",
      "[ -1  22  30  34  38  44  51  53  61  63  68  74  78  87  92  98 102 109\n",
      " 110 117 133 141 142 154 156 159]\n",
      "i 0\n",
      "i 1\n",
      "index [17]\n",
      "in visit_city\n",
      "-1\n",
      "cheapest was already visited\n",
      "here\n",
      "-----\n",
      "j: 2\n",
      "[ -1  22  30  34  38  44  51  53  61  63  68  74  78  87  92  98 102 109\n",
      " 110 117 133 141 142 154 156 159]\n",
      "i 2\n",
      "index [20]\n",
      "in visit_city\n",
      "-1\n",
      "found a cheapest\n",
      "[0, 14, 13, 9, 10, 12, 11, 8, 6, 7, 15, 18, 19, 17, 16, 20]\n",
      "-----\n",
      "j: 0\n",
      "[ -1  26  30  37  46  62  63  68  68  68  71  77  80  86  93  93  96 122\n",
      " 124 128 130 147 148 155 156 160]\n",
      "i 0\n",
      "i 1\n",
      "index [21]\n",
      "in visit_city\n",
      "-1\n",
      "found a cheapest\n",
      "[0, 14, 13, 9, 10, 12, 11, 8, 6, 7, 15, 18, 19, 17, 16, 20, 21]\n",
      "-----\n",
      "j: 0\n",
      "[ -1  26  27  50  53  64  65  83  87  90  92  93  94 102 111 113 116 122\n",
      " 147 148 156 157 173 180 180 181]\n",
      "i 0\n",
      "i 1\n",
      "index [20]\n",
      "in visit_city\n",
      "-1\n",
      "cheapest was already visited\n",
      "here\n",
      "-----\n",
      "j: 2\n",
      "[ -1  26  27  50  53  64  65  83  87  90  92  93  94 102 111 113 116 122\n",
      " 147 148 156 157 173 180 180 181]\n",
      "i 2\n",
      "index [25]\n",
      "in visit_city\n",
      "-1\n",
      "found a cheapest\n",
      "[0, 14, 13, 9, 10, 12, 11, 8, 6, 7, 15, 18, 19, 17, 16, 20, 21, 25]\n",
      "-----\n",
      "j: 0\n",
      "[ -1  27  37  51  51  58  79  81  90  95  99 103 107 107 121 128 130 130\n",
      " 148 160 161 181 182 190 190 197]\n",
      "i 0\n",
      "i 1\n",
      "index [21]\n",
      "in visit_city\n",
      "-1\n",
      "cheapest was already visited\n",
      "here\n",
      "-----\n",
      "j: 2\n",
      "[ -1  27  37  51  51  58  79  81  90  95  99 103 107 107 121 128 130 130\n",
      " 148 160 161 181 182 190 190 197]\n",
      "i 2\n",
      "index [20]\n",
      "in visit_city\n",
      "-1\n",
      "cheapest was already visited\n",
      "here\n",
      "-----\n",
      "j: 3\n",
      "[ -1  27  37  51  51  58  79  81  90  95  99 103 107 107 121 128 130 130\n",
      " 148 160 161 181 182 190 190 197]\n",
      "i 3\n",
      "index [16 17]\n",
      "in visit_city\n",
      "-1\n",
      "cheapest was already visited\n",
      "cheapest was already visited\n",
      "here\n",
      "-----\n",
      "j: 4\n",
      "[ -1  27  37  51  51  58  79  81  90  95  99 103 107 107 121 128 130 130\n",
      " 148 160 161 181 182 190 190 197]\n",
      "i 4\n",
      "index [16 17]\n",
      "in visit_city\n",
      "-1\n",
      "cheapest was already visited\n",
      "cheapest was already visited\n",
      "here\n",
      "-----\n",
      "j: 5\n",
      "[ -1  27  37  51  51  58  79  81  90  95  99 103 107 107 121 128 130 130\n",
      " 148 160 161 181 182 190 190 197]\n",
      "i 5\n",
      "index [22]\n",
      "in visit_city\n",
      "-1\n",
      "found a cheapest\n",
      "[0, 14, 13, 9, 10, 12, 11, 8, 6, 7, 15, 18, 19, 17, 16, 20, 21, 25, 22]\n",
      "-----\n",
      "j: 0\n",
      "[ -1  50  51  58  64  77 102 107 129 135 136 140 140 144 158 160 163 172\n",
      " 185 193 198 206 222 223 228 230]\n",
      "i 0\n",
      "i 1\n",
      "index [21]\n",
      "in visit_city\n",
      "-1\n",
      "cheapest was already visited\n",
      "here\n",
      "-----\n",
      "j: 2\n",
      "[ -1  50  51  58  64  77 102 107 129 135 136 140 140 144 158 160 163 172\n",
      " 185 193 198 206 222 223 228 230]\n",
      "i 2\n",
      "index [23]\n",
      "in visit_city\n",
      "-1\n",
      "found a cheapest\n",
      "[0, 14, 13, 9, 10, 12, 11, 8, 6, 7, 15, 18, 19, 17, 16, 20, 21, 25, 22, 23]\n",
      "-----\n",
      "j: 0\n",
      "[ -1  51  93 102 107 128 154 157 178 186 186 189 190 196 205 210 212 220\n",
      " 223 241 250 257 268 272 278 280]\n",
      "i 0\n",
      "i 1\n",
      "index [22]\n",
      "in visit_city\n",
      "-1\n",
      "cheapest was already visited\n",
      "here\n",
      "-----\n",
      "j: 2\n",
      "[ -1  51  93 102 107 128 154 157 178 186 186 189 190 196 205 210 212 220\n",
      " 223 241 250 257 268 272 278 280]\n",
      "i 2\n",
      "index [24]\n",
      "in visit_city\n",
      "-1\n",
      "found a cheapest\n",
      "[0, 14, 13, 9, 10, 12, 11, 8, 6, 7, 15, 18, 19, 17, 16, 20, 21, 25, 22, 23, 24]\n",
      "-----\n",
      "j: 0\n",
      "[ -1  64  65  80  90  93 100 109 111 116 122 125 127 132 136 139 141 148\n",
      " 155 157 179 188 188 194 197 202]\n",
      "i 0\n",
      "i 1\n",
      "index [22]\n",
      "in visit_city\n",
      "-1\n",
      "cheapest was already visited\n",
      "here\n",
      "-----\n",
      "j: 2\n",
      "[ -1  64  65  80  90  93 100 109 111 116 122 125 127 132 136 139 141 148\n",
      " 155 157 179 188 188 194 197 202]\n",
      "i 2\n",
      "index [21]\n",
      "in visit_city\n",
      "-1\n",
      "cheapest was already visited\n",
      "here\n",
      "-----\n",
      "j: 3\n",
      "[ -1  64  65  80  90  93 100 109 111 116 122 125 127 132 136 139 141 148\n",
      " 155 157 179 188 188 194 197 202]\n",
      "i 3\n",
      "index [20]\n",
      "in visit_city\n",
      "-1\n",
      "cheapest was already visited\n",
      "here\n",
      "-----\n",
      "j: 4\n",
      "[ -1  64  65  80  90  93 100 109 111 116 122 125 127 132 136 139 141 148\n",
      " 155 157 179 188 188 194 197 202]\n",
      "i 4\n",
      "index [25]\n",
      "in visit_city\n",
      "-1\n",
      "cheapest was already visited\n",
      "here\n",
      "-----\n",
      "j: 5\n",
      "[ -1  64  65  80  90  93 100 109 111 116 122 125 127 132 136 139 141 148\n",
      " 155 157 179 188 188 194 197 202]\n",
      "i 5\n",
      "index [23]\n",
      "in visit_city\n",
      "-1\n",
      "cheapest was already visited\n",
      "here\n",
      "-----\n",
      "j: 6\n",
      "[ -1  64  65  80  90  93 100 109 111 116 122 125 127 132 136 139 141 148\n",
      " 155 157 179 188 188 194 197 202]\n",
      "i 6\n",
      "index [11]\n",
      "in visit_city\n",
      "-1\n",
      "cheapest was already visited\n",
      "here\n",
      "-----\n",
      "j: 7\n",
      "[ -1  64  65  80  90  93 100 109 111 116 122 125 127 132 136 139 141 148\n",
      " 155 157 179 188 188 194 197 202]\n",
      "i 7\n",
      "index [16]\n",
      "in visit_city\n",
      "-1\n",
      "cheapest was already visited\n",
      "here\n",
      "-----\n",
      "j: 8\n",
      "[ -1  64  65  80  90  93 100 109 111 116 122 125 127 132 136 139 141 148\n",
      " 155 157 179 188 188 194 197 202]\n",
      "i 8\n",
      "index [12]\n",
      "in visit_city\n",
      "-1\n",
      "cheapest was already visited\n",
      "here\n",
      "-----\n",
      "j: 9\n",
      "[ -1  64  65  80  90  93 100 109 111 116 122 125 127 132 136 139 141 148\n",
      " 155 157 179 188 188 194 197 202]\n",
      "i 9\n",
      "index [10]\n",
      "in visit_city\n",
      "-1\n",
      "cheapest was already visited\n",
      "here\n",
      "-----\n",
      "j: 10\n",
      "[ -1  64  65  80  90  93 100 109 111 116 122 125 127 132 136 139 141 148\n",
      " 155 157 179 188 188 194 197 202]\n",
      "i 10\n",
      "index [14]\n",
      "in visit_city\n",
      "-1\n",
      "cheapest was already visited\n",
      "here\n",
      "-----\n",
      "j: 11\n",
      "[ -1  64  65  80  90  93 100 109 111 116 122 125 127 132 136 139 141 148\n",
      " 155 157 179 188 188 194 197 202]\n",
      "i 11\n",
      "index [17]\n",
      "in visit_city\n",
      "-1\n",
      "cheapest was already visited\n",
      "here\n",
      "-----\n",
      "j: 12\n",
      "[ -1  64  65  80  90  93 100 109 111 116 122 125 127 132 136 139 141 148\n",
      " 155 157 179 188 188 194 197 202]\n",
      "i 12\n",
      "index [0]\n",
      "in visit_city\n",
      "-1\n",
      "cheapest was already visited\n",
      "here\n",
      "-----\n",
      "j: 13\n",
      "[ -1  64  65  80  90  93 100 109 111 116 122 125 127 132 136 139 141 148\n",
      " 155 157 179 188 188 194 197 202]\n",
      "i 13\n",
      "index [13]\n",
      "in visit_city\n",
      "-1\n",
      "cheapest was already visited\n",
      "here\n",
      "-----\n",
      "j: 14\n",
      "[ -1  64  65  80  90  93 100 109 111 116 122 125 127 132 136 139 141 148\n",
      " 155 157 179 188 188 194 197 202]\n",
      "i 14\n",
      "index [9]\n",
      "in visit_city\n",
      "-1\n",
      "cheapest was already visited\n",
      "here\n",
      "-----\n",
      "j: 15\n",
      "[ -1  64  65  80  90  93 100 109 111 116 122 125 127 132 136 139 141 148\n",
      " 155 157 179 188 188 194 197 202]\n",
      "i 15\n",
      "index [15]\n",
      "in visit_city\n",
      "-1\n",
      "cheapest was already visited\n",
      "here\n",
      "-----\n",
      "j: 16\n",
      "[ -1  64  65  80  90  93 100 109 111 116 122 125 127 132 136 139 141 148\n",
      " 155 157 179 188 188 194 197 202]\n",
      "i 16\n",
      "index [18]\n",
      "in visit_city\n",
      "-1\n",
      "cheapest was already visited\n",
      "here\n",
      "-----\n",
      "j: 17\n",
      "[ -1  64  65  80  90  93 100 109 111 116 122 125 127 132 136 139 141 148\n",
      " 155 157 179 188 188 194 197 202]\n",
      "i 17\n",
      "index [19]\n",
      "in visit_city\n",
      "-1\n",
      "cheapest was already visited\n",
      "here\n",
      "-----\n",
      "j: 18\n",
      "[ -1  64  65  80  90  93 100 109 111 116 122 125 127 132 136 139 141 148\n",
      " 155 157 179 188 188 194 197 202]\n",
      "i 18\n",
      "index [8]\n",
      "in visit_city\n",
      "-1\n",
      "cheapest was already visited\n",
      "here\n",
      "-----\n",
      "j: 19\n",
      "[ -1  64  65  80  90  93 100 109 111 116 122 125 127 132 136 139 141 148\n",
      " 155 157 179 188 188 194 197 202]\n",
      "i 19\n",
      "index [2]\n",
      "in visit_city\n",
      "-1\n",
      "found a cheapest\n",
      "[0, 14, 13, 9, 10, 12, 11, 8, 6, 7, 15, 18, 19, 17, 16, 20, 21, 25, 22, 23, 24, 2]\n",
      "-----\n",
      "j: 0\n",
      "[ -1  31  36  40  42  42  44  49  54  54  58  59  64  81  86  93 112 117\n",
      " 124 125 135 147 157 161 193 241]\n",
      "i 0\n",
      "i 1\n",
      "index [13]\n",
      "in visit_city\n",
      "-1\n",
      "cheapest was already visited\n",
      "here\n",
      "-----\n",
      "j: 2\n",
      "[ -1  31  36  40  42  42  44  49  54  54  58  59  64  81  86  93 112 117\n",
      " 124 125 135 147 157 161 193 241]\n",
      "i 2\n",
      "index [14]\n",
      "in visit_city\n",
      "-1\n",
      "cheapest was already visited\n",
      "here\n",
      "-----\n",
      "j: 3\n",
      "[ -1  31  36  40  42  42  44  49  54  54  58  59  64  81  86  93 112 117\n",
      " 124 125 135 147 157 161 193 241]\n",
      "i 3\n",
      "index [1]\n",
      "in visit_city\n",
      "-1\n",
      "found a cheapest\n",
      "[0, 14, 13, 9, 10, 12, 11, 8, 6, 7, 15, 18, 19, 17, 16, 20, 21, 25, 22, 23, 24, 2, 1]\n",
      "-----\n",
      "j: 0\n",
      "[ -1  40  53  62  64  67  68  83  84  89  91  93  95  98 116 127 152 156\n",
      " 160 165 175 179 180 197 223 268]\n",
      "i 0\n",
      "i 1\n",
      "index [2]\n",
      "in visit_city\n",
      "-1\n",
      "cheapest was already visited\n",
      "here\n",
      "-----\n",
      "j: 2\n",
      "[ -1  40  53  62  64  67  68  83  84  89  91  93  95  98 116 127 152 156\n",
      " 160 165 175 179 180 197 223 268]\n",
      "i 2\n",
      "index [3]\n",
      "in visit_city\n",
      "-1\n",
      "found a cheapest\n",
      "[0, 14, 13, 9, 10, 12, 11, 8, 6, 7, 15, 18, 19, 17, 16, 20, 21, 25, 22, 23, 24, 2, 1, 3]\n",
      "-----\n",
      "j: 0\n",
      "[ -1  11  11  42  46  53  65  66  70  72  76  88  89 100 102 127 129 139\n",
      " 142 155 156 180 190 197 228 278]\n",
      "i 0\n",
      "i 1\n",
      "index [4 5]\n",
      "in visit_city\n",
      "-1\n",
      "found a cheapest\n",
      "[0, 14, 13, 9, 10, 12, 11, 8, 6, 7, 15, 18, 19, 17, 16, 20, 21, 25, 22, 23, 24, 2, 1, 3, 4]\n",
      "-----\n",
      "j: 0\n",
      "[ -1   9  11  35  42  55  61  62  62  62  74  82  84  93  95 117 128 133\n",
      " 133 146 148 173 182 194 222 272]\n",
      "i 0\n",
      "i 1\n",
      "index [5]\n",
      "in visit_city\n",
      "-1\n",
      "found a cheapest\n",
      "[0, 14, 13, 9, 10, 12, 11, 8, 6, 7, 15, 18, 19, 17, 16, 20, 21, 25, 22, 23, 24, 2, 1, 3, 4, 5]\n",
      "Final path is\n",
      "[0, 14, 13, 9, 10, 12, 11, 8, 6, 7, 15, 18, 19, 17, 16, 20, 21, 25, 22, 23, 24, 2, 1, 3, 4, 5, 0]\n",
      "([0, 14, 13, 9, 10, 12, 11, 8, 6, 7, 15, 18, 19, 17, 16, 20, 21, 25, 22, 23, 24, 2, 1, 3, 4, 5, 0], 1112)\n"
     ]
    }
   ],
   "source": [
    "import numpy as np\n",
    "import random\n",
    "\n",
    "# performs greedy algorithm\n",
    "# input: distance matrix M\n",
    "#        max computational steps k\n",
    "# output: array of tour, cost of tour\n",
    "def tsp(M, k):\n",
    "    # determine the total number of cities\n",
    "    n = len(M)\n",
    "\n",
    "    # stack of all cities visited\n",
    "    cities_visited = list()\n",
    "\n",
    "    # add the city 1, which is counted as 0\n",
    "    cities_visited.append(0)\n",
    "    current_city = 0\n",
    "    \n",
    "    # not currently backtracking\n",
    "    backtracked = -1\n",
    "    \n",
    "    # continue until a path is found\n",
    "    while len(cities_visited) <= n:\n",
    "        # find the cheapest road from this city to a city that hasn't been traveled to\n",
    "        print(\"current city\", current_city)\n",
    "        j = 0\n",
    "        while j < n:\n",
    "            print('-----')\n",
    "            print(\"j:\",j)\n",
    "            # find index of the next cheapest\n",
    "            indicies, nth_cheapest = find_nth_cheapest_road_index(M[current_city],j)\n",
    "            print(\"index\", indicies)\n",
    "\n",
    "            k = k - 1\n",
    "            \n",
    "            # check if we've visited it\n",
    "            visited, city = visit_city(indicies,cities_visited, backtracked)\n",
    "            if (visited):\n",
    "                # we visited it so move to it and start process over\n",
    "                current_city = city\n",
    "                j = 0\n",
    "                backtracked = -1\n",
    "                if len(cities_visited) == n:\n",
    "                    break\n",
    "            else:\n",
    "                # the cheapest road wasn't valid so look at the next cheapest next time\n",
    "                print(\"here\")\n",
    "                j = nth_cheapest + 1\n",
    "            \n",
    "            if k <= 0:\n",
    "                print(\"maximum computations exceeded\")\n",
    "                return([],-1)\n",
    "\n",
    "        if len(cities_visited) == n and M[0][current_city] > -1:\n",
    "            # check if we can return to the original city\n",
    "            cities_visited.append(0)\n",
    "            \n",
    "        else:\n",
    "            print(\"exhausted\")\n",
    "            # there are no more roads we can travel so we backtrack\n",
    "            cities_visited, skipped = backtrack(cities_visited)\n",
    "            current_city = cities_visited[-1]\n",
    "            backtracked = skipped\n",
    "            \n",
    "            \n",
    "    print(\"Final path is\")\n",
    "    print(cities_visited)\n",
    "    return cities_visited, calculate_cost(M,cities_visited)\n",
    "    \n",
    "\n",
    "# given a row from matrix M, determines the cheapest road\n",
    "# input: a row from matrix M\n",
    "#        the nth cheapest city to look for nth\n",
    "# output: the cheapest city/cities we can travel to\n",
    "#         the order of the city in terms of cheapness\n",
    "def find_nth_cheapest_road_index(arr, nth=0):\n",
    "    sorted = np.sort(arr)\n",
    "    print(sorted)\n",
    "    for i in range (nth, len(arr)):\n",
    "        print(\"i\",i)\n",
    "        if sorted[i] == -1:\n",
    "            continue\n",
    "        else:\n",
    "            return np.where(arr == sorted[i])[0],i\n",
    "    return -1,-1\n",
    "\n",
    "\n",
    "# determines if we can actually go to that city\n",
    "# input: the index/indices of the cheapest city we can go to indicies\n",
    "#        the cities we have already visited cities_visited\n",
    "#        if this is part of a backtrack, the city we should skip backtracked\n",
    "# output: boolean is this city visitable and we visited, int the city we visited\n",
    "def visit_city(indicies, cities_visited, backtracked=-1):\n",
    "    # iterate through index (handles case that there are two of the same distance)\n",
    "    print(\"in visit_city\")\n",
    "    print(backtracked)\n",
    "    for k in indicies:\n",
    "        # check if visited\n",
    "        # if visited, continue\n",
    "        if k in cities_visited:\n",
    "            print(\"cheapest was already visited\")\n",
    "            continue\n",
    "        # if not visited, add to stack\n",
    "        elif k == backtracked:\n",
    "            print(\"deadend here\")\n",
    "            continue\n",
    "        else:\n",
    "            print(\"found a cheapest\")\n",
    "            cities_visited.append(k)\n",
    "            print(cities_visited)\n",
    "            return True, k\n",
    "    return False, -1\n",
    "\n",
    "\n",
    "# backtracks the list of cities visited and tells us where not to go next\n",
    "# input: the list of cities visited cities_visited\n",
    "# output: the sliced list of cities, the city we should skip on the next go around\n",
    "def backtrack(cities_visited):\n",
    "    print(\"backtracking\")\n",
    "    index = random.randint(1,len(cities_visited)-1)\n",
    "    city_to_skip = cities_visited[index]\n",
    "    cities_visited = cities_visited[0:index]\n",
    "    print(\"new list\",cities_visited)\n",
    "    print(\"city to skip\",city_to_skip)\n",
    "\n",
    "    return cities_visited, city_to_skip\n",
    "\n",
    "\n",
    "# calculates the cost of the tour given the distance matrix and the tour\n",
    "def calculate_cost(M,cities_visited):\n",
    "    sum = 0\n",
    "    for i in range(len(cities_visited)-1):\n",
    "        sum = sum + M[cities_visited[i]][cities_visited[i+1]]\n",
    "    return sum\n",
    "\n",
    "\n",
    "M = np.array([\n",
    "    [-1, 3, 4, 2, -1],\n",
    "    [ 3,-1, 4, 6, 3],\n",
    "    [ 4, 4,-1, 5, 8],\n",
    "    [ 2, 6, 5,-1, 6],\n",
    "    [ -1, 3, 8, 6,-1]\n",
    "])\n",
    "\n",
    "F = np.array([\n",
    "[  -1,  83,  93, 129, 133, 139, 151, 169, 135, 114, 110,  98,  99,  95,  81, 152, 159, 181, 172, 185, 147, 157, 185, 220, 127, 181],\n",
    "[  83,  -1,  40,  53,  62,  64,  91, 116,  93,  84,  95,  98,  89,  68,  67, 127, 156, 175, 152, 165, 160, 180, 223 ,268, 179, 197],\n",
    "[  93,  40,  -1,  42,  42,  49,  59,  81,  54,  44,  58,  64,  54,  31,  36,  86, 117, 135, 112, 125, 124, 147, 193 ,241, 157, 161],\n",
    "[ 129,  53,  42,  -1,  11,  11,  46,  72,  65,  70,  88, 100,  89,  66,  76, 102, 142, 156, 127, 139, 155, 180, 228, 278, 197, 190],\n",
    "[ 133,  62,  42,  11,  -1,   9,  35,  61,  55,  62,  82,  95,  84,  62,  74,  93, 133, 146, 117, 128, 148, 173, 222, 272, 194, 182],\n",
    "[ 139,  64,  49,  11,   9,  -1,  39,  65,  63,  71,  90, 103,  92,  71,  82, 100, 141, 153, 124, 135, 156, 181, 230, 280, 202, 190],\n",
    "[ 151,  91,  59,  46,  35,  39,  -1,  26,  34,  52,  71,  88,  77,  63,  78,  66, 110, 119,  88,  98, 130, 156 ,206, 257, 188, 160],\n",
    "[ 169, 116,  81,  72,  61,  65,  26,  -1,  37,  59,  75,  92,  83,  76,  91,  54,  98, 103,  70,  78, 122, 148 ,198, 250, 188 ,148],\n",
    "[ 135,  93,  54,  65,  55,  63,  34,  37,  -1,  22,  39,  56,  47,  40,  55,  37,  78,  91,  62,  74,  96, 122, 172 ,223, 155 ,128],\n",
    "[ 114,  84,  44,  70 , 62,  71,  52,  59,  22,  -1,  20,  36,  26,  20,  34,  43,  74,  91,  68,  82,  86, 111, 160 ,210 ,136 ,121],\n",
    "[ 110,  95,  58,  88 , 82,  90,  71,  75,  39,  20,  -1,  18,  11,  27,  32,  42,  61,  80,  64,  77,  68,  92, 140 ,190, 116 ,103],\n",
    "[  98,  98,  64, 100,  95, 103,  88,  92,  56,  36,  18,  -1,  11,  34,  31,  56,  63,  85,  75,  87,  62,  83, 129 ,178, 100 , 99],\n",
    "[  99,  89,  54,  89,  84,  92,  77,  83,  47,  26,  11,  11,  -1,  23,  24,  53,  68,  89,  74,  87,  71,  93, 140, 189, 111, 107],\n",
    "[  95,  68,  31,  66,  62,  71,  63,  76,  40,  20,  27,  34,  23,  -1,  15,  62,  87, 106,  87, 100,  93, 116, 163, 212, 132, 130],\n",
    "[  81,  67,  36,  76,  74,  82,  78,  91,  55,  34,  32,  31,  24,  15,  -1,  73,  92, 112,  96, 109,  93, 113 ,158 ,205, 122, 130],\n",
    "[ 152, 127,  86, 102,  93, 100,  66,  54,  37,  43,  42,  56,  53,  62,  73 , -1,  44,  54,  26,  39,  68,  94 ,144 ,196 ,139,  95],\n",
    "[ 159, 156, 117, 142, 133, 141, 110,  98,  78,  74,  61,  63,  68,  87,  92 , 44,  -1,  22,  34,  38,  30,  53 ,102, 154 ,109,  51],\n",
    "[ 181, 175, 135, 156, 146, 153, 119, 103,  91,  91,  80,  85,  89, 106, 112 , 54,  22,  -1,  33,  29,  46,  64, 107, 157, 125 , 51],\n",
    "[ 172, 152, 112, 127, 117, 124,  88,  70,  62,  68,  64,  75,  74,  87,  96,  26,  34,  33,  -1,  13,  63 , 87, 135, 186, 141 , 81],\n",
    "[ 185, 165, 125, 139, 128, 135,  98,  78,  74,  82,  77,  87,  87, 100, 109,  39,  38,  29,  13,  -1 , 68 , 90, 136, 186, 148 , 79],\n",
    "[ 147, 160, 124, 155, 148, 156, 130, 122,  96,  86,  68,  62,  71,  93,  93,  68,  30,  46,  63,  68,  -1,  26,  77, 128  ,80,  37],\n",
    "[ 157, 180, 147, 180, 173, 181, 156, 148, 122, 111,  92,  83,  93, 116, 113,  94,  53,  64,  87,  90,  26 , -1,  50, 102  ,65 , 27],\n",
    "[ 185, 223, 193, 228, 222, 230, 206, 198, 172, 160, 140, 129, 140, 163, 158, 144, 102, 107, 135, 136,  77 , 50,  -1,  51 , 64 , 58],\n",
    "[ 220, 268, 241, 278, 272, 280, 257, 250, 223, 210, 190, 178, 189, 212, 205, 196, 154, 157, 186, 186, 128, 102,  51 , -1 , 93 ,107],\n",
    "[ 127, 179, 157, 197, 194, 202, 188, 188, 155, 136, 116, 100, 111, 132, 122, 139, 109, 125, 141, 148,  80,  65,  64 , 93 , -1 , 90],\n",
    "[ 181, 197, 161, 190, 182, 190, 160, 148, 128, 121, 103,  99, 107, 130, 130,  95,  51,  51,  81,  79,  37,  27,  58 ,107 , 90 , -1]\n",
    "])\n",
    "\n",
    "print(F)\n",
    "print(tsp(F,100000000000000000000000))"
   ]
  },
  {
   "cell_type": "code",
   "execution_count": null,
   "id": "451ba7f7",
   "metadata": {},
   "outputs": [],
   "source": []
  }
 ],
 "metadata": {
  "kernelspec": {
   "display_name": "Python 3 (ipykernel)",
   "language": "python",
   "name": "python3"
  },
  "language_info": {
   "codemirror_mode": {
    "name": "ipython",
    "version": 3
   },
   "file_extension": ".py",
   "mimetype": "text/x-python",
   "name": "python",
   "nbconvert_exporter": "python",
   "pygments_lexer": "ipython3",
   "version": "3.8.10"
  }
 },
 "nbformat": 4,
 "nbformat_minor": 5
}
